Version 0.9.7
5
 4 10 175 77 128 0 1
 5 80 400 206 81 2 2
 3 197 13 203 58 8 3
 1 507 7 206 81 17 4
 0 104 122 877 276 27 5
 0
11
 16711680 5 71 189 71 189 71 189 71 136 157 136 157 136 0 1 0 5
 16711680 5 71 249 71 249 93 249 93 149 157 149 157 149 0 1 0 5
 16711680 5 71 288 71 288 71 370 71 370 157 370 157 370 0 1 0 5
 16711680 5 469 292 469 292 469 292 469 370 469 370 469 370 0 5 0 5
 16711680 5 391 227 391 227 391 227 391 136 391 136 391 136 0 5 0 5
 16711680 5 522 18 522 18 456 18 456 18 456 136 456 136 0 4 0 5
 16711680 5 522 76 522 76 522 149 522 149 521 149 521 149 0 4 0 5
 16711680 5 582 44 582 44 590 44 590 172 417 172 417 227 0 4 0 5
 16711680 5 404 227 411 227 411 47 563 47 563 44 563 44 0 5 0 4
 16711680 5 430 227 430 227 430 57 430 57 383 57 383 57 0 5 0 3
 16711680 5 208 50 208 50 208 149 208 149 209 149 209 149 0 3 0 5
1
 7008 1 14 385 240 5 0 0 0 5
